Tillamook Deep 7-channel U-Net
================================

Input channels:
  local_relief
  slope_degrees
  aspect_sin
  aspect_cos
  curvature
  multidirectional_hillshade
  tri

Total parameters: 7,767,137
Trainable parameters: 7,767,137

=====================================================================================================================================================================
Layer (type (var_name))                  Input Shape               Output Shape              Param #                   Kernel Shape              Mult-Adds
=====================================================================================================================================================================
DeepUNet (DeepUNet)                      [1, 7, 256, 256]          [1, 1, 256, 256]          --                        --                        --
├─Sequential (enc1)                      [1, 7, 256, 256]          [1, 32, 256, 256]         --                        --                        --
│    └─Conv2d (0)                        [1, 7, 256, 256]          [1, 32, 256, 256]         2,048                     [3, 3]                    134,217,728
│    └─BatchNorm2d (1)                   [1, 32, 256, 256]         [1, 32, 256, 256]         64                        --                        64
│    └─ReLU (2)                          [1, 32, 256, 256]         [1, 32, 256, 256]         --                        --                        --
│    └─Conv2d (3)                        [1, 32, 256, 256]         [1, 32, 256, 256]         9,248                     [3, 3]                    606,076,928
│    └─BatchNorm2d (4)                   [1, 32, 256, 256]         [1, 32, 256, 256]         64                        --                        64
│    └─ReLU (5)                          [1, 32, 256, 256]         [1, 32, 256, 256]         --                        --                        --
├─MaxPool2d (pool)                       [1, 32, 256, 256]         [1, 32, 128, 128]         --                        2                         --
├─Sequential (enc2)                      [1, 32, 128, 128]         [1, 64, 128, 128]         --                        --                        --
│    └─Conv2d (0)                        [1, 32, 128, 128]         [1, 64, 128, 128]         18,496                    [3, 3]                    303,038,464
│    └─BatchNorm2d (1)                   [1, 64, 128, 128]         [1, 64, 128, 128]         128                       --                        128
│    └─ReLU (2)                          [1, 64, 128, 128]         [1, 64, 128, 128]         --                        --                        --
│    └─Conv2d (3)                        [1, 64, 128, 128]         [1, 64, 128, 128]         36,928                    [3, 3]                    605,028,352
│    └─BatchNorm2d (4)                   [1, 64, 128, 128]         [1, 64, 128, 128]         128                       --                        128
│    └─ReLU (5)                          [1, 64, 128, 128]         [1, 64, 128, 128]         --                        --                        --
├─MaxPool2d (pool)                       [1, 64, 128, 128]         [1, 64, 64, 64]           --                        2                         --
├─Sequential (enc3)                      [1, 64, 64, 64]           [1, 128, 64, 64]          --                        --                        --
│    └─Conv2d (0)                        [1, 64, 64, 64]           [1, 128, 64, 64]          73,856                    [3, 3]                    302,514,176
│    └─BatchNorm2d (1)                   [1, 128, 64, 64]          [1, 128, 64, 64]          256                       --                        256
│    └─ReLU (2)                          [1, 128, 64, 64]          [1, 128, 64, 64]          --                        --                        --
│    └─Conv2d (3)                        [1, 128, 64, 64]          [1, 128, 64, 64]          147,584                   [3, 3]                    604,504,064
│    └─BatchNorm2d (4)                   [1, 128, 64, 64]          [1, 128, 64, 64]          256                       --                        256
│    └─ReLU (5)                          [1, 128, 64, 64]          [1, 128, 64, 64]          --                        --                        --
├─MaxPool2d (pool)                       [1, 128, 64, 64]          [1, 128, 32, 32]          --                        2                         --
├─Sequential (enc4)                      [1, 128, 32, 32]          [1, 256, 32, 32]          --                        --                        --
│    └─Conv2d (0)                        [1, 128, 32, 32]          [1, 256, 32, 32]          295,168                   [3, 3]                    302,252,032
│    └─BatchNorm2d (1)                   [1, 256, 32, 32]          [1, 256, 32, 32]          512                       --                        512
│    └─ReLU (2)                          [1, 256, 32, 32]          [1, 256, 32, 32]          --                        --                        --
│    └─Conv2d (3)                        [1, 256, 32, 32]          [1, 256, 32, 32]          590,080                   [3, 3]                    604,241,920
│    └─BatchNorm2d (4)                   [1, 256, 32, 32]          [1, 256, 32, 32]          512                       --                        512
│    └─ReLU (5)                          [1, 256, 32, 32]          [1, 256, 32, 32]          --                        --                        --
├─MaxPool2d (pool)                       [1, 256, 32, 32]          [1, 256, 16, 16]          --                        2                         --
├─Sequential (bottleneck)                [1, 256, 16, 16]          [1, 512, 16, 16]          --                        --                        --
│    └─Conv2d (0)                        [1, 256, 16, 16]          [1, 512, 16, 16]          1,180,160                 [3, 3]                    302,120,960
│    └─BatchNorm2d (1)                   [1, 512, 16, 16]          [1, 512, 16, 16]          1,024                     --                        1,024
│    └─ReLU (2)                          [1, 512, 16, 16]          [1, 512, 16, 16]          --                        --                        --
│    └─Conv2d (3)                        [1, 512, 16, 16]          [1, 512, 16, 16]          2,359,808                 [3, 3]                    604,110,848
│    └─BatchNorm2d (4)                   [1, 512, 16, 16]          [1, 512, 16, 16]          1,024                     --                        1,024
│    └─ReLU (5)                          [1, 512, 16, 16]          [1, 512, 16, 16]          --                        --                        --
├─ConvTranspose2d (up4)                  [1, 512, 16, 16]          [1, 256, 32, 32]          524,544                   [2, 2]                    537,133,056
├─Sequential (dec4)                      [1, 512, 32, 32]          [1, 256, 32, 32]          --                        --                        --
│    └─Conv2d (0)                        [1, 512, 32, 32]          [1, 256, 32, 32]          1,179,904                 [3, 3]                    1,208,221,696
│    └─BatchNorm2d (1)                   [1, 256, 32, 32]          [1, 256, 32, 32]          512                       --                        512
│    └─ReLU (2)                          [1, 256, 32, 32]          [1, 256, 32, 32]          --                        --                        --
│    └─Conv2d (3)                        [1, 256, 32, 32]          [1, 256, 32, 32]          590,080                   [3, 3]                    604,241,920
│    └─BatchNorm2d (4)                   [1, 256, 32, 32]          [1, 256, 32, 32]          512                       --                        512
│    └─ReLU (5)                          [1, 256, 32, 32]          [1, 256, 32, 32]          --                        --                        --
├─ConvTranspose2d (up3)                  [1, 256, 32, 32]          [1, 128, 64, 64]          131,200                   [2, 2]                    537,395,200
├─Sequential (dec3)                      [1, 256, 64, 64]          [1, 128, 64, 64]          --                        --                        --
│    └─Conv2d (0)                        [1, 256, 64, 64]          [1, 128, 64, 64]          295,040                   [3, 3]                    1,208,483,840
│    └─BatchNorm2d (1)                   [1, 128, 64, 64]          [1, 128, 64, 64]          256                       --                        256
│    └─ReLU (2)                          [1, 128, 64, 64]          [1, 128, 64, 64]          --                        --                        --
│    └─Conv2d (3)                        [1, 128, 64, 64]          [1, 128, 64, 64]          147,584                   [3, 3]                    604,504,064
│    └─BatchNorm2d (4)                   [1, 128, 64, 64]          [1, 128, 64, 64]          256                       --                        256
│    └─ReLU (5)                          [1, 128, 64, 64]          [1, 128, 64, 64]          --                        --                        --
├─ConvTranspose2d (up2)                  [1, 128, 64, 64]          [1, 64, 128, 128]         32,832                    [2, 2]                    537,919,488
├─Sequential (dec2)                      [1, 128, 128, 128]        [1, 64, 128, 128]         --                        --                        --
│    └─Conv2d (0)                        [1, 128, 128, 128]        [1, 64, 128, 128]         73,792                    [3, 3]                    1,209,008,128
│    └─BatchNorm2d (1)                   [1, 64, 128, 128]         [1, 64, 128, 128]         128                       --                        128
│    └─ReLU (2)                          [1, 64, 128, 128]         [1, 64, 128, 128]         --                        --                        --
│    └─Conv2d (3)                        [1, 64, 128, 128]         [1, 64, 128, 128]         36,928                    [3, 3]                    605,028,352
│    └─BatchNorm2d (4)                   [1, 64, 128, 128]         [1, 64, 128, 128]         128                       --                        128
│    └─ReLU (5)                          [1, 64, 128, 128]         [1, 64, 128, 128]         --                        --                        --
├─ConvTranspose2d (up1)                  [1, 64, 128, 128]         [1, 32, 256, 256]         8,224                     [2, 2]                    538,968,064
├─Sequential (dec1)                      [1, 64, 256, 256]         [1, 32, 256, 256]         --                        --                        --
│    └─Conv2d (0)                        [1, 64, 256, 256]         [1, 32, 256, 256]         18,464                    [3, 3]                    1,210,056,704
│    └─BatchNorm2d (1)                   [1, 32, 256, 256]         [1, 32, 256, 256]         64                        --                        64
│    └─ReLU (2)                          [1, 32, 256, 256]         [1, 32, 256, 256]         --                        --                        --
│    └─Conv2d (3)                        [1, 32, 256, 256]         [1, 32, 256, 256]         9,248                     [3, 3]                    606,076,928
│    └─BatchNorm2d (4)                   [1, 32, 256, 256]         [1, 32, 256, 256]         64                        --                        64
│    └─ReLU (5)                          [1, 32, 256, 256]         [1, 32, 256, 256]         --                        --                        --
├─Conv2d (head)                          [1, 32, 256, 256]         [1, 1, 256, 256]          33                        [1, 1]                    2,162,688
=====================================================================================================================================================================
Total params: 7,767,137
Trainable params: 7,767,137
Non-trainable params: 0
Total mult-adds (Units.GIGABYTES): 13.78
=====================================================================================================================================================================
Input size (MB): 1.84
Forward/backward pass size (MB): 287.83
Params size (MB): 31.07
Estimated Total Size (MB): 320.74
=====================================================================================================================================================================